2470
44799
42760
11259
44510
44798
27844
5302
19376
37484
23188
37487
3449
12642
5219
17682
12527
9701
11281
28250
428
931
28305
532
8080
9569
9579
2152
2148
2150
2149
2151
2153
2077
36051
43824
43823
43825
26904
26902
13861
13895
43822
13864
13893
13865
13879
13878
13894
13868
13877
13867
26905
13892
27858
5856
18322
27629
5852
43572
43571
27630
14690
11586
10216
40808
30103
24421
8373
2182
2180
15572
43820
2181
2183
8371
1998
2023
9724
12966
9925
26269
47073
4807
44332
4805
23667
11014
17468
19415
28332
12540
21156
9317
20871
29982
11209
28337
28111
46605
24751
8096
8015
24718
24750
26147
24717
40496
36642
5662
7763
9637
7847
6156
18354
32638
15128
32642
32643
15127
26910
32640
15050
15146
15148
32639
15147
9691
46338
46337
12398
2688
35090
44058
43776
1117
37072
2458
2456
26205
29606
6350
2457
45037
48317
12567
5446
9426
3560
9827
11048
7296
34584
29818
21780
13752
5444
23140
7566
26415
9251
24733
30381
9836
12866
26592
9416
40807
40806
5787
8587
13274
45033
13275
13136
25414
13778
13777
37726
8669
37728
37729
7970
122
11320
20954
3600
7891
44740
24402
6490
33600
9900
9206
31712
36032
26061
12108
36543
44301
11971
30526
31711
30618
44304
46434
24211
27127
47235
6828
6827
39844
1225
221
39843
19430
46560
47837
30400
8395
32106
9380
9455
7370
13151
9478
5247
9571
24203
26246
347
12918
33328
9462
29488
6563
11191
14632
14379
14631
14634
14633
15530
26427
32251
46603
46601
46602
46609
46614
46607
46615
18046
8563
8568
40495
15107
15122
29436
35986
40494
12446
12216
11910
14625
9615
8048
41038
44343
22381
7832
24372
44981
44982
22451
25550
34566
41268
48086
25653
9519
25910
32046
43544
14724
9687
14723
11203
14720
1804
664
2678
32018
32928
17511
9867
47163
43284
14721
37131
48061
23010
48060
48056
14099
8281
8299
48059
21066
8298
8288
8287
8296
27965
36636
1888
14784
6175
10821
12144
10823
19744
9666
14372
20921
9396
46583
9578
8643
17739
8324
13346
8325
8326
9293
30424
5437
27862
47382
6570
45797
27845
36639
36641
12082
9970
12294
30101
8117
15531
10672
40812
40813
40811
40810
40809
31886
31888
15644
9699
40565
28039
40784
35873
28149
43903
9532
41034
11247
41179
9844
22885
26149
40785
40566
11324
41178
5955
6859
7913
12548
13039
11356
5902
9803
44534
8635
928
43986
27859
45533
45544
38194
38195
38193
525
45537
43992
43996
45539
37864
48071
5222
14854
29881
13711
13710
11900
24442
10004
28155
28157
32061
13105
40395
22414
8377
9546
26452
12646
8309
12103
44089
6906
7298
44373
37937
30395
7850
610
42620
1089
499
45609
46176
12829
21128
11250
44367
42140
44369
14206
15685
15687
15686
18364
15046
15153
15155
15154
26912
14927
32320
3450
8898
11057
8895
23154
31788
22857
11136
44607
817
45081
14995
30823
12407
8670
19606
24243
36236
8671
36274
12072
41126
44606
39985
43468
13999
12256
27601
6532
10191
26736
36239
7250
26740
12410
23790
252
14999
6964
22820
23792
9523
23796
12414
2874
25822
34215
5090
46470
15830
34185
12463
34626
15843
35073
43177
10797
19381
21779
7654
19344
48324
8720
44151
28275
19288
6076
7312
23156
9568
34118
10503
22831
32766
1013
25479
25752
8093
16713
16715
46177
14433
29931
7967
5300
19303
21197
20902
28290
12892
24734
28529
3565
45036
14892
17937
13898
30452
1439
26132
17930
6633
26237
17929
12428
19334
24271
48063
25957
25956
25948
8076
25959
25960
44507
25958
14903
11564
22533
23180
14732
11565
25890
29695
14106
39903
9612
22709
32136
14457
9985
24453
41563
32138
41564
46219
41562
45796
8328
8329
8330
8331
8332
14503
23244
8180
19544
9429
17692
11231
25748
25998
12955
8233
30429
16720
17995
289
40434
40435
40432
40433
10213
29537
9931
21123
46130
10214
10211
30168
29677
28029
10210
29421
22825
8636
7206
28374
1297
23797
22417
2876
10502
9386
23795
7373
25478
14998
5
6
9
19490
1744
1772
9854
29956
29973
21221
37208
1620
12510
22490
30384
941
956
29976
3874
44059
10665
9316
7887
17401
27331
3873
11033
1278
1176
5448
10951
1332
11288
15611
1175
10188
33270
12478
386
1179
7453
37161
7740
8189
5972
26130
2305
33626
26128
40872
30489
9921
1018
10713
2478
2469
2890
29943
23136
21216
33318
14587
27771
6149
37387
10678
7011
26324
32073
40797
10999
33622
7012
7010
12904
21496
20865
21497
19416
5191
31782
12241
17855
45597
11188
26167
29655
29656
44100
8066
25853
17423
14905
14251
27837
30708
32472
30707
32473
22726
7682
36435
9752
6751
32474
43621
30659
6406
29816
29817
30658
8137
29791
29858
9266
2247
11498
4237
43567
16143
16141
2650
429
16142
21105
17502
27128
44206
14401
948
44207
12843
9219
1147
37183
14996
2838
27970
8624
23265
12945
17931
41028
41025
41027
27773
47883
47550
19588
23199
41026
28258
41029
43466
5173
7794
742
10686
1563
34732
26239
47416
11439
8109
37182
34735
26013
19473
26040
28373
14578
10710
14215
32404
32408
32405
32406
33325
8255
30742
12426
7658
6631
40188
24469
42654
40527
7577
14180
11710
29871
12218
28071
43612
11381
24182
34257
1922
9558
38545
17894
33796
29544
10097
25844
27781
25845
317
28261
676
36949
36530
36529
17833
11404
29727
29471
40818
36948
44327
44326
36915
7754
21158
6434
6433
14674
10724
14793
30600
41708
12671
10945
29518
14716
14785
24473
15610
5197
17862
17691
17466
28011
2881
15593
23146
14128
14274
42448
11418
5205
2884
2883
14344
23145
42447
8407
8969
232
42446
23669
23670
27755
23671
23668
28145
28053
37188
33599
24741
32491
1017
25902
37178
1711
37201
14209
24423
15561
37197
12987
24496
37200
9421
37180
37187
37205
23162
1289
25793
1785
37206
587
2671
2672
1712
22474
1166
29540
1674
290
6464
2582
37207
1844
41846
23184
7362
108
27631
31078
17611
477
44352
26192
43036
925
552
15748
44102
27968
43741
14698
3756
356
6236
20311
5876
5877
7808
10091
40909
29801
26733
28735
5799
8511
35915
31841
31843
30936
31846
8801
15535
31845
31844
10851
23171
23066
23238
31848
25665
31870
8806
5389
8513
14904
19223
9869
10049
22676
43151
24377
9786
971
903
930
13117
1341
29769
24185
26154
48297
21136
10405
40769
7269
30422
17972
17841
29915
14257
12783
12772
12818
12762
12776
6605
2140
12758
13027
33436
2143
12770
2146
12784
12771
12817
41332
33798
12766
13132
2141
12780
12760
12759
12791
33799
12774
8514
25949
23228
25798
6063
12778
9223
6442
2468
2471
26107
12769
13990
